J K C Q   Time
 
0 0 0 U  0 ns
0 0 0 0  0 ns
0 0 1 0  15 ns
1 0 1 0  30 ns
1 1 1 0  45 ns
0 1 1 0  60 ns
0 1 0 0  75 ns
1 1 0 0  90 ns
1 0 0 0  105 ns
0 0 0 0  120 ns
1 0 0 0  135 ns
1 1 0 0  150 ns
0 1 0 0  165 ns
0 1 1 0  180 ns
1 1 1 0  195 ns
1 0 1 0  210 ns
0 0 1 0  225 ns
0 0 0 0  240 ns
0 1 0 0  255 ns
0 0 0 0  270 ns
0 0 1 0  285 ns
0 1 1 0  300 ns
0 0 1 0  315 ns
1 0 1 0  330 ns
1 0 0 0  345 ns
1 0 1 0  360 ns
1 0 1 1  360 ns
0 0 1 1  375 ns
0 0 0 1  390 ns
1 0 0 1  405 ns
1 1 0 1  420 ns
0 1 0 1  435 ns
0 0 0 1  450 ns
0 1 0 1  465 ns
1 1 0 1  480 ns
1 0 0 1  495 ns
1 0 1 1  510 ns
1 0 0 1  525 ns
0 0 0 1  540 ns
0 0 1 1  555 ns
 
J K C Q   Time
 
1 0 1 1  570 ns
1 1 1 1  585 ns
1 0 1 1  600 ns
1 1 1 1  615 ns
0 1 1 1  630 ns
0 1 0 1  645 ns
0 1 1 1  660 ns
0 1 1 0  660 ns
0 1 0 0  675 ns
0 1 1 0  690 ns
0 1 0 0  705 ns
1 1 0 0  720 ns
1 1 1 0  735 ns
1 1 1 1  735 ns
1 1 0 1  750 ns
1 1 1 1  765 ns
1 1 1 0  765 ns
1 1 0 0  780 ns
1 1 1 0  795 ns
1 1 1 1  795 ns
0 1 1 1  810 ns
0 0 1 1  825 ns
0 1 1 1  840 ns
1 1 1 1  855 ns
0 1 1 1  870 ns
0 1 0 1  885 ns
0 1 1 1  900 ns
0 1 1 0  900 ns
0 0 1 0  915 ns
0 0 0 0  945 ns
1 0 0 0  960 ns
1 0 1 0  975 ns
1 0 1 1  975 ns
1 0 0 1  1005 ns
0 0 0 1  1020 ns
0 0 1 1  1035 ns
0 1 1 1  1050 ns
0 1 0 1  1065 ns
1 1 0 1  1080 ns
1 1 1 1  1095 ns
 
J K C Q   Time
 
1 1 1 0  1095 ns
1 0 1 0  1110 ns
1 0 0 0  1125 ns
0 0 0 0  1140 ns
0 0 1 0  1155 ns
1 0 1 0  1170 ns
1 0 0 0  1185 ns
1 0 1 0  1215 ns
1 0 1 1  1215 ns
0 0 1 1  1230 ns
0 0 0 1  1245 ns
0 1 0 1  1260 ns
0 1 1 1  1275 ns
0 1 1 0  1275 ns
0 1 0 0  1305 ns
0 0 0 0  1320 ns
0 0 1 0  1335 ns
0 1 1 0  1350 ns
0 1 0 0  1365 ns
1 1 0 0  1380 ns
1 1 1 0  1395 ns
1 1 1 1  1395 ns
1 1 0 1  1425 ns
1 1 1 1  1455 ns
1 1 1 0  1455 ns
1 1 0 0  1485 ns
1 1 1 0  1515 ns
1 1 1 1  1515 ns
1 0 1 1  1530 ns
1 0 0 1  1545 ns
0 0 0 1  1560 ns
0 0 1 1  1575 ns
0 0 0 1  1605 ns
0 0 1 1  1635 ns
0 0 0 1  1665 ns
0 0 1 1  1695 ns
0 0 0 1  1725 ns
0 0 1 1  1755 ns
0 0 0 1  1785 ns
0 0 1 1  1815 ns
 
J K C Q   Time
 
0 0 0 1  1845 ns
0 0 1 1  1875 ns
0 0 0 1  1905 ns
0 0 1 1  1935 ns
0 0 0 1  1965 ns
