10.000000
0.000013
-10.000000
-0.000040
10.000000
0.000066
-10.000000
-0.000093
10.000000
0.000119
-10.000000
-0.000146
10.000000
0.000172
-10.000000
-0.000199
10.000000
0.000226
-10.000000
-0.000252
10.000000
0.000279
-10.000000
-0.000305
10.000000
0.000332
-10.000000
-0.000358
10.000000
0.000385
-10.000000
-0.000411
10.000000
0.000438
-10.000000
-0.000464
10.000000
0.000491
-10.000000
-0.000517
10.000000
0.000544
-10.000000
-0.000571
10.000000
0.000597
-10.000000
-0.000624
10.000000
0.000650
-10.000000
-0.000677
10.000000
0.000703
-10.000000
-0.000730
10.000000
0.000756
-10.000000
-0.000783
10.000000
0.000809
-10.000000
-0.000836
10.000000
0.000862
-10.000000
-0.000889
10.000000
0.000915
-10.000000
-0.000942
10.000000
0.000969
-10.000000
-0.000995
10.000000
0.001022
-10.000000
-0.001048
10.000000
0.001075
-10.000000
-0.001101
10.000000
0.001128
-10.000000
-0.001154
10.000000
0.001181
-10.000000
-0.001207
10.000000
0.001234
-10.000000
-0.001260
10.000000
0.001287
-10.000000
-0.001314
