1.500000
0.000002
-1.500000
-0.000006
1.500000
0.000010
-1.500000
-0.000014
1.500000
0.000018
-1.500000
-0.000022
1.500000
0.000026
-1.500000
-0.000030
1.500000
0.000034
-1.500000
-0.000038
1.500000
0.000042
-1.500000
-0.000046
1.500000
0.000050
-1.500000
-0.000054
1.500000
0.000058
-1.500000
-0.000062
1.500000
0.000066
-1.500000
-0.000070
1.500000
0.000074
-1.500000
-0.000078
1.500000
0.000082
-1.500000
-0.000086
1.500000
0.000090
-1.500000
-0.000094
1.500000
0.000098
-1.500000
-0.000101
1.500000
0.000105
-1.500000
-0.000109
1.500000
0.000113
-1.500000
-0.000117
1.500000
0.000121
-1.500000
-0.000125
1.500000
0.000129
-1.500000
-0.000133
1.500000
0.000137
-1.500000
-0.000141
1.500000
0.000145
-1.500000
-0.000149
1.500000
0.000153
-1.500000
-0.000157
1.500000
0.000161
-1.500000
-0.000165
1.500000
0.000169
-1.500000
-0.000173
1.500000
0.000177
-1.500000
-0.000181
1.500000
0.000185
-1.500000
-0.000189
1.500000
0.000193
-1.500000
-0.000197
