1.60159
-0.259093
0.174768
-1.49896
-0.302023
0.119264
0.188985
0.458181
-2.36984
0.394974
-0.664492
0.0441967
-0.171248
-0.636256
-0.764852
1.73126
0.14535
0.703151
1.20412
0.0936702
-0.69196
0.261021
-0.702026
1.68143
0.274173
0.175199
1.18623
-0.863064
0.681033
1.31654
0.828367
0.942564
0.209104
-0.589718
0.294421
0.860456
-1.66878
-0.466873
1.57662
-0.131742
-0.922316
-0.791712
-0.441963
-1.0473
-0.032392
0.955371
0.919759
0.0102803
0.180425
-2.00411
0.328624
-0.00406747
-0.240951
-0.421684
0.0147598
-2.41841
-0.235778
0.437689
1.97919
-2.36553
0.742458
0.76713
0.0872495
-0.09971
0.938637
0.330197
0.944543
0.901309
-1.04448
-0.758204
-2.18843
0.194977
0.294663
1.11891
-0.29463
1.14445
-1.58269
-0.580469
2.30896
-1.98578
-0.5622
-0.849881
-1.15269
0.238523
3.26738
-0.144152
0.13468
0.964104
0.386196
1.05803
-0.520294
-0.43927
0.397901
-0.684892
-0.457619
-0.252201
-0.963016
-0.550643
0.79939
0.314101
-0.867107
0.449707
-1.5217
-1.49624
-0.000868909
-1.18263
0.284671
1.12833
0.105752
0.534473
0.183454
-1.14965
0.252087
-0.0475863
-1.10875
0.200894
-1.67226
-0.0774858
-0.0434331
0.556771
-0.318448
-0.255667
-1.46495
1.04771
-0.861979
0.349268
0.486177
1.2114
-1.64233
-0.153502
-0.47229
-1.26621
-0.225226
-1.09691
0.592434
-0.118738
-0.622134
-0.195314
-0.398649
-0.589057
1.47349
-0.232575
-2.0471
-0.648917
0.622285
-1.16849
0.270222
0.61528
-0.41095
0.59348
-3.29764
0.683434
0.384282
1.21555
1.60651
-0.237074
0.473325
0.139196
-0.236517
1.26581
1.05022
1.12372
0.765907
-0.459374
2.96392
1.14315
-0.89315
-0.193626
0.204822
1.00537
-0.435839
1.66996
0.682963
0.398836
0.925608
0.63571
1.011
0.0654408
-0.0620327
-0.735393
1.84143
-0.0953998
1.13622
1.23359
0.136563
-1.12115
-0.0258416
0.254688
-1.45233
-0.275574
-1.98877
0.158218
1.00374
-0.158582
-0.146401
1.38271
-0.568854
-1.21701
1.53022
1.36443
0.897942
0.746779
-1.74893
-0.795784
1.16078
1.14849
-0.439985
0.502207
0.536179
0.843604
1.30798
0.64195
-0.649257
-0.64995
-0.730632
-0.193893
-0.7054
-1.478
0.984091
-1.10595
0.672421
0.68942
-0.588961
-1.65465
-0.558326
0.697458
-1.02073
-0.285984
0.372647
-1.19206
0.318026
-0.331502
-0.229
-0.342435
-1.24129
0.595973
0.650785
0.978697
0.818608
1.05512
1.44086
1.1341
-0.604529
0.13386
-1.08322
-0.719078
0.355131
-0.679862
1.5911
0.158299
1.31257
2.14225
-1.02439
1.22079
-0.186612
-0.176866
-0.0465558
1.14281
1.32209
0.239866
1.12669
-0.86739
-1.11474
0.0872683
-1.69444
0.788921
0.705715
-2.69868
-1.36648
-0.735343
-2.14329
-1.06449
-0.509799
-2.37239
-0.205686
-0.393035
-0.715929
-1.3525
1.17533
1.2058
0.107532
1.76392
0.0741929
0.149467
-0.0625077
0.700044
-1.95877
-0.434323
0.224184
2.10981
-1.51808
1.63364
1.29483
-1.1889
2.69179
1.47191
-1.33734
0.846855
0.0914094
0.827873
-0.470545
0.639072
1.87161
-0.426833
-0.81828
0.499167
1.74652
-0.532474
0.496108
1.51509
-0.826086
0.951127
-0.00855941
-0.834469
0.807083
0.70352
-0.0172126
-0.133657
2.586
0.563591
-0.74019
0.0752284
-0.508975
-1.31168
-1.38733
1.54073
0.97018
1.27679
0.311374
-1.76953
1.14703
-0.465048
1.11282
-1.13513
0.116554
1.5341
1.05146
-0.953786
-0.64877
-0.0320427
-2.7835
1.2988
-0.177948
-1.16289
-0.520243
0.810977
1.7285
0.687168
1.22649
-1.14295
-2.36085
-0.199517
0.50454
1.58277
1.96553
0.397494
-1.57152
1.20627
0.276697
-0.961823
0.0692791
0.595033
-0.433194
1.02368
-1.54836
-0.471503
-0.785637
0.801642
1.85493
-0.458351
-1.2147
0.850484
-0.313699
-0.237619
-0.993864
0.120848
1.96825
-1.34886
-0.542943
0.243729
-0.400987
1.0812
-0.0335781
1.57196
-0.653401
1.25293
-0.000299053
1.66871
1.14411
1.20909
-0.702731
-0.725956
0.799244
1.94853
1.38236
-1.52371
-0.742219
-0.718242
0.462229
-1.00919
0.49096
-0.684319
-0.375626
0.134514
-0.307753
2.35482
0.66419
1.57533
-0.00516176
-0.673998
-2.75127
0.903847
-0.0473637
0.395056
-0.381075
-2.01938
-0.362095
1.62915
-0.471497
-0.525841
-0.1653
0.570179
0.0956067
-1.2339
0.0434566
-0.968945
1.04261
-0.401194
-0.795704
-1.80629
1.67278
0.601411
0.517541
0.359393
0.850955
0.505093
-0.161765
0.634638
1.25022
-1.63278
1.92435
-2.18851
-0.543477
-1.43493
-0.79681
-0.14988
-0.241289
-1.8366
-0.270812
-0.19443
1.40843
0.127959
0.395771
0.8525
-0.985816
0.813907
-1.43286
-0.710428
-0.826044
-0.0793273
-0.639974
0.70758
-0.00277178
-0.159057
-1.22203
0.8605
-0.308263
-1.29049
-1.15725
0.373033
-0.530139
-0.185354
-1.87226
0.0871323
0.365588
0.375128
1.20336
-0.906416
1.18354
0.516238
-0.578359
0.445533
-0.722645
0.0318283
1.03522
1.07032
-0.0387966
-1.72137
1.46845
-0.844221
-0.699113
-0.624467
-2.52344
-1.20445
-0.0598002
-0.502018
0.0256637
-0.505637
1.47973
0.535307
0.9918
-0.52347
-1.55369
0.211829
-1.40047
-1.94622
-0.448939
-0.837875
-0.0558785
0.755976
0.571513
0.944889
1.32441
2.32156
0.332445
-0.356501
-0.332187
-0.113198
0.0166776
-0.424281
0.192863
1.11946
0.197421
2.03777
1.06317
0.889628
1.30835
-1.17932
-1.7952
1.28802
0.77411
1.06256
0.210069
-0.415502
0.15429
0.731005
0.734998
-0.118972
0.0231183
1.28284
0.746788
0.181048
1.78219
0.153959
-0.0338403
-1.24771
0.379574
0.0592822
-1.75103
0.242692
1.23947
1.04278
-0.908724
0.110013
1.05037
1.59319
-0.189332
2.78027
2.07548
-1.3703
-1.2002
0.0078276
-0.655714
0.0322655
-0.0415595
-0.107733
-0.27881
-0.429737
-2.13466
0.945369
1.45427
1.66294
2.54675
-2.57974
1.01604
1.33324
-2.56478
-0.364778
-0.177439
1.84705
0.269773
-1.7619
0.73318
-1.52763
1.86434
0.279505
-1.53934
1.73456
0.542555
0.960138
0.158204
-1.55665
-1.25598
0.765554
-0.433154
0.691756
0.0192095
-1.06202
-0.69294
1.67975
-0.153211
-0.946307
0.220478
-0.331439
-0.742088
-1.96371
-0.803721
1.0203
-1.20334
-1.2611
-0.637991
0.105065
-0.0710958
-1.43756
1.12316
-0.0251342
-0.509465
1.17146
-0.287698
-0.289933
-0.610331
-2.28438
0.972259
-0.192236
-1.02842
1.77311
-0.162226
-0.372283
0.50841
-0.619784
0.0703828
-0.455277
1.40664
0.103038
0.687695
-0.423701
1.02205
0.240267
-0.430087
1.21036
0.0414299
0.709919
-1.72566
1.72352
0.33609
0.513667
-0.552045
-1.05847
0.967955
0.871582
0.366598
0.661369
-0.244878
-0.714234
-1.1645
-0.285838
-0.657641
0.284671
0.26273
1.3136
0.443315
0.315743
0.271461
0.796127
1.05381
-0.0376766
-0.87083
-0.275735
-0.957897
1.53075
-1.15662
-0.0725016
0.788717
-0.990606
-0.0689928
0.301122
1.04308
1.4678
0.729097
-0.245476
0.420692
0.344644
-0.125412
-0.751991
-0.313425
-3.69104
-3.04451
-0.0211764
0.0945181
0.169928
-0.447976
-0.792961
0.383134
-0.0744594
0.482032
-0.436421
-0.319821
-0.262138
-1.84027
0.865672
-1.43138
2.05306
-1.00172
-1.9669
-1.65064
1.40448
-0.227378
-1.1323
1.62367
-0.797298
0.345129
0.315731
1.2315
-0.527849
-0.27219
-0.0112238
1.3109
1.38101
0.55747
1.15049
-1.29162
-1.49902
-1.06464
-1.59642
0.440879
-0.80871
-1.23667
0.989793
0.83773
-0.438057
-1.05357
0.302725
-2.37171
0.332143
-0.831861
-1.26143
-0.519059
0.828626
-0.894317
0.320526
-0.623944
-0.0580033
-0.377288
-1.054
1.17976
0.765307
0.501945
-1.74152
-0.819202
-1.74036
0.120498
1.80996
0.589365
-0.461962
-0.6158
-2.2286
-1.37339
0.305476
1.20739
-0.28206
0.817313
-0.498156
-1.09403
-0.488924
0.68008
0.140085
-2.19592
-0.619429
0.15442
0.536901
-0.119566
-0.570482
-1.22421
2.12938
0.400073
0.586745
0.482908
0.973884
0.926553
1.80778
0.511301
0.0252221
-0.974835
0.968624
0.310814
1.15821
0.98617
0.471109
1.32901
0.824844
-2.11167
0.489443
1.16304
-1.25107
1.06646
-0.166473
0.408495
-0.218271
-0.293181
1.17414
0.242119
-0.0874554
1.83126
2.51494
0.755538
-1.19097
0.621323
0.13614
-0.528984
-0.357912
0.202272
-0.158911
-0.31474
0.313764
1.3635
1.64095
0.935938
0.474349
-0.284102
0.972686
0.335074
-0.769655
2.14863
-0.758515
0.0731195
-0.460014
-0.394891
0.943553
-1.17425
1.46756
0.11499
-0.662044
0.960027
-0.86593
-0.226214
-1.27576
-0.507685
2.75276
0.926287
-0.153312
0.636202
-1.00136
-0.141797
-1.76518
0.6216
-0.0316082
0.479241
-0.379187
1.89841
0.98564
1.31438
0.00750565
2.15752
0.0700174
0.0715822
-1.03257
0.676833
0.283633
-1.4854
-0.756628
-0.374323
1.14221
-0.342601
-0.501981
1.30878
0.848847
-0.379699
0.443128
-1.1276
-0.502443
0.919942
0.721077
1.79304
0.872671
-0.429614
-0.989678
-0.52823
-0.840685
-1.11508
0.691527
-0.228462
0.927212
0.914231
-1.82187
-0.559762
1.78061
0.519907
0.454118
0.749234
-0.467441
-0.531923
-0.74597
0.0617061
-0.785432
-0.398557
1.4539
-1.42035
-0.327634
-0.509089
-0.302015
-0.0893838
1.45782
-0.693531
-0.818261
-1.46763
-0.805358
1.35619
0.59865
0.990076
-1.87522
-0.293361
0.221329
0.319144
-0.496113
0.755376
0.29573
-1.54775
-1.18095
-1.10471
-0.654054
1.31864
-0.49217
0.527837
0.760946
-0.16899
0.47712
-1.29717
-1.39253
-0.792015
0.135781
0.44197
0.5504
-0.0284817
1.34801
1.96263
-0.888606
-1.29925
-1.32703
-0.219315
0.420768
0.708452
1.37352
-0.555953
0.448739
-1.42135
0.642115
0.836574
-0.437375
0.278321
-0.960064
-0.328304
-0.952929
-0.372506
-0.584981
-0.76736
0.646884
-0.767129
-0.073461
-1.00407
0.6106
0.216991
-0.236141
0.676136
-0.611801
-1.60189
1.5766
0.15628
-0.44936
-0.0803995
-0.435544
0.832047
0.387739
0.636428
-0.49827
1.60706
0.664547
-0.716312
-0.702829
-0.142865
0.685566
-0.426746
0.0120631
-0.340178
0.990275
1.28008
0.476833
-1.50361
1.10855
1.35463
1.27114
1.99511
0.845628
-0.293563
-0.904805
-0.15551
-1.107
2.30271
1.14331
-0.042912
1.01165
