1.11227
-0.345324
0.608056
0.641006
-0.712082
1.15915
-1.71895
0.417466
-0.400054
2.28091
-2.27172
0.225145
0.866331
1.38714
-1.03258
0.308187
-0.358203
0.300349
-1.11381
-0.321359
0.0474476
1.24417
0.844847
-1.52985
2.22414
0.39271
-0.00641742
0.472805
-0.749836
0.980676
0.154229
1.5565
-0.227977
0.894644
-1.32841
-0.904516
0.0541931
-0.86296
-1.06204
0.563226
0.786889
-0.304702
-0.0695497
-0.718388
-1.70496
0.290527
-0.641019
1.33681
0.155588
2.08178
0.0385881
-0.562489
-0.105514
0.730646
0.319236
0.163729
-0.891123
0.985429
1.31713
-1.37333
0.505623
-0.89902
-0.159352
1.01119
0.973994
-0.501975
-0.242362
0.351762
-1.074
1.33978
0.528939
0.102713
0.396976
0.905164
-0.111086
0.779234
-0.394803
1.22358
0.264499
0.590069
-0.0922981
-1.49799
1.94076
-0.936076
0.799445
-1.46351
1.01151
-0.680967
-0.290069
-1.49997
-0.834082
-0.597307
1.41749
-2.09693
-0.028241
1.61462
1.53808
-0.974087
1.33881
-0.703986
-0.7636
-0.993225
0.493948
-1.49425
-0.703911
0.470101
-0.350578
0.274706
-0.693822
0.506213
-0.662066
0.0319046
-0.672263
-0.539692
0.833918
0.651497
0.0758075
0.226316
0.68766
1.28073
0.039353
-0.821265
-0.158962
1.31719
0.438268
1.52775
0.359203
-1.2228
-1.11953
-0.359951
-2.05442
0.765243
2.23058
-1.33178
0.297586
-0.635803
0.192773
1.60995
0.203833
0.999989
1.35382
0.704255
0.0697037
0.0618171
2.09466
-0.0344107
-0.348901
0.34265
0.746676
-1.25665
0.616053
-1.28874
1.15381
-1.05324
-0.721999
-1.13249
-0.644426
0.201379
-1.19286
0.652375
0.0109617
0.483632
-1.75044
0.366922
0.338185
-0.59645
-0.75463
2.44887
0.66529
-0.0734925
-0.437011
0.928464
-1.68942
1.073
0.623377
-0.497792
2.0324
-0.197473
-0.178548
-1.92784
0.577086
-0.863761
0.116111
-0.437609
-0.740394
1.68695
1.41395
1.11889
-0.52003
-1.07274
1.36178
1.58709
1.19353
-0.887794
0.64953
-0.804455
0.531033
0.233092
0.79507
-1.2603
0.0683078
-0.868259
-0.358846
0.565433
0.279216
-0.609453
-0.825729
-0.293988
1.51489
1.84123
0.97505
-1.23653
0.956658
-0.734128
-0.5658
-1.03041
0.983572
-0.506283
-1.31747
-0.268324
1.02553
0.770782
-0.739739
0.362757
-0.561385
1.32543
0.398978
-0.326809
1.42192
0.232624
-0.281802
0.562922
-0.0667934
2.74215
-0.758029
-0.508185
1.12341
-0.0234221
-0.123306
1.18407
-0.0359555
-1.86764
-0.955746
0.550812
0.424727
-0.673704
2.50413
-0.184048
0.761803
0.505232
-0.608903
-0.526103
-0.00410355
-1.05403
-0.94089
-0.362969
-0.199273
0.491258
0.764977
0.22865
0.401386
0.379102
-0.0500683
-2.10483
-1.08745
1.63449
0.656803
-1.45433
-0.787854
0.295747
-0.896929
-1.39226
-0.267121
-0.647707
-0.117406
0.701949
0.56053
-1.57312
0.726328
1.19774
-0.0450197
-1.22718
0.881899
0.28933
0.0885779
-1.46085
1.59221
-2.04143
1.15382
-0.369332
-1.14607
-0.779907
1.35156
0.817053
0.699798
0.677823
-0.346182
-0.646539
0.679158
0.410625
-0.619505
-0.0699356
-1.46877
-0.132623
-0.816706
-0.238836
-1.29384
1.02548
0.254315
-0.303026
-0.223905
1.48726
1.8318
-0.547792
-0.963918
0.226844
2.49572
0.948944
1.18544
-1.72223
-0.335046
0.665461
-0.0908622
-1.28125
2.3766
0.557651
1.69231
1.36887
-0.510496
0.632138
-0.102639
-1.54244
0.848346
-0.543042
-0.325517
0.862255
-0.526729
1.06499
0.0912353
-0.265814
-0.723942
0.830583
0.404099
1.07824
-0.707537
-1.02894
-1.24231
0.462575
-0.722322
0.323166
0.914349
0.710915
-1.28877
-0.424988
-1.82321
-0.652681
-1.34893
-0.572918
0.114548
-1.20412
0.0344833
-0.302159
-1.48889
-1.46463
-0.885555
1.0804
-1.2818
0.800786
0.101309
0.812524
0.586722
0.977265
1.12784
-1.07198
0.116007
1.21044
1.27219
1.5326
0.463667
-2.48654
-0.865309
1.37391
1.02767
0.605283
-0.42264
0.17985
-1.18604
0.451652
1.75724
0.595081
-0.88109
-1.07864
0.397604
0.915024
-1.04304
-0.518988
0.350256
0.793294
1.08208
-1.31829
0.127035
-0.103517
-1.22832
0.0123992
0.955383
0.510148
-0.799682
1.56228
1.07894
0.138616
0.105292
0.190564
0.0869018
0.73217
-0.317178
2.98108
1.24336
0.374021
0.462748
-0.186286
0.995733
0.237173
0.684552
1.28852
0.632054
0.676778
-1.48398
0.652977
-0.111702
-1.26383
0.31469
0.388808
0.827008
0.364516
-1.38129
1.7674
1.13565
1.70644
0.128214
-1.16938
0.0775969
-0.458617
1.89772
0.171444
1.27403
0.0576441
-1.00946
-0.0265557
0.0146206
-0.637859
1.1889
-0.436229
2.09735
-0.72947
-1.08296
-0.264405
-1.47485
-0.543569
0.304736
1.29361
2.14407
-1.38104
-0.00850685
0.186067
1.70378
1.17743
-0.685729
-0.692686
0.204364
0.664531
1.68899
-0.263691
-0.201264
1.14848
0.334366
0.223712
-2.02605
0.447286
-1.50985
-0.120679
0.639876
-0.0481257
-1.32909
-0.176357
0.734795
0.698671
0.413275
-0.247501
-1.68097
-0.97588
2.00573
1.79664
0.470151
-1.18906
-0.349571
-2.21893
0.238787
0.64635
-1.30504
0.4806
-0.505716
-1.20384
1.73944
1.10041
1.67537
0.914205
-0.674247
0.0930376
0.382256
-1.54647
0.519471
1.38636
-1.26833
-0.201803
-0.0602771
1.44924
0.0964532
0.323119
-0.800224
-0.480861
0.86638
-0.303688
0.423061
0.262287
-0.187666
-1.76085
0.964759
0.32502
0.196311
0.381136
-0.847418
-0.583972
-0.503992
-0.449765
0.437977
-1.12428
-0.453128
-0.330682
-0.540863
2.10584
0.176554
-0.663767
-2.48714
-0.0835423
-0.536647
-1.75023
-0.181852
0.293024
0.283127
-1.3235
-0.490131
-0.0717962
0.721034
0.582018
-0.538643
0.0273169
-1.09235
0.590977
1.21057
-1.04452
0.802274
0.302312
-0.144424
-0.409838
0.610105
0.693897
1.16002
1.062
0.617359
-0.285718
1.03078
-0.824968
0.510495
-0.513079
0.121693
-0.596452
-0.393553
-0.559646
0.127179
-0.630695
-0.2134
-1.6757
0.31273
-1.19024
2.54021
-0.710102
0.81323
2.52194
0.741053
-0.887607
-1.36177
0.771376
0.0276176
-0.349676
0.560958
-0.198185
-1.44777
0.111324
-0.835187
-1.62653
1.3673
1.10304
-0.410744
-1.67439
1.23783
-1.01804
-0.754738
0.685292
-1.12506
0.853833
1.07154
0.30638
-1.22988
1.15712
0.0921726
1.19552
-0.858164
-0.837491
-0.794052
0.02676
0.880561
0.25167
0.127165
1.31674
-1.3875
-1.24538
-0.198658
-0.00511606
-1.02864
1.03434
1.33465
0.0308896
-0.0628997
-0.815498
-1.38344
-0.0732049
-0.269446
-0.16542
1.52124
0.800664
0.123801
-0.112493
-0.15125
1.61786
0.526535
1.58379
0.156911
0.272051
-0.152974
0.109024
-0.79805
-0.924175
0.94837
-0.856336
0.217614
-0.336453
-1.0605
1.28806
-1.50254
-2.2667
1.148
-1.31188
0.270071
-0.994432
-0.709758
-0.206795
-0.880592
0.387796
0.391143
-1.37167
2.04301
0.350582
-0.152192
0.359459
0.319077
-0.449594
-0.562178
0.018185
-0.4627
-1.32531
-0.169356
-1.21549
-1.7954
-0.620224
-1.06369
-0.108285
1.0418
0.672874
0.110085
-1.31276
-1.67574
1.43917
0.964282
1.39574
0.982439
-2.32776
1.2458
0.300136
1.24488
-0.541427
-0.235973
-0.804161
1.21987
-0.44633
0.0258475
0.0453842
0.281562
0.267205
1.39432
0.879147
0.30173
2.33063
0.0827782
2.71688
1.44232
0.561873
-0.651636
0.59444
0.703421
0.480779
-1.02559
0.541099
-0.315745
-0.665937
-0.154334
-1.75283
-0.905295
-0.639948
0.153762
0.435996
-1.53104
0.03807
-0.760158
-0.436277
0.83744
1.98381
0.474942
-0.339788
1.46714
1.09076
0.438415
0.412631
1.34388
1.74783
0.723813
0.753089
-0.205487
-0.403187
-1.09327
-0.477527
-0.975532
-2.07738
0.278006
-0.752509
-0.383665
0.813256
0.233441
-0.858752
0.752911
0.614856
-1.26616
-1.66616
-0.6988
-1.50522
0.156303
-0.677268
0.893387
-0.150847
0.762104
0.349534
-2.47817
-1.7862
-0.73294
-0.973111
-1.52427
0.460538
-0.382646
-0.719601
1.65876
-0.131963
-0.0639535
-1.39142
-0.582249
-0.887954
-0.60875
0.889334
1.07106
1.33465
0.434734
2.02122
-0.13319
1.28081
0.595515
0.321656
-0.393411
-1.27288
0.258824
-0.264417
1.17792
-1.19488
-2.1099
0.448953
-0.645317
2.11836
1.77864
-0.327169
0.0151185
-0.181599
-0.612071
-0.815959
1.83269
-0.529824
-1.21654
0.706403
-1.18266
-0.634507
0.527355
-2.70402
-0.145855
-0.419011
0.179337
-1.81962
-1.09563
-0.482122
-0.195621
1.13437
0.670011
1.04724
-0.320036
-1.01234
-0.168781
-0.911426
0.0883223
0.41141
-0.455647
0.404726
-1.60878
-0.898338
-2.40146
1.75284
-0.512046
-0.0899492
-0.614558
-0.544487
1.28966
0.568837
-0.784856
-0.070892
-2.32626
-1.02391
0.345973
1.14002
0.293057
-1.37798
1.04273
0.593399
-0.505073
-2.34865
-0.195128
0.593037
0.00343338
-0.193259
-0.875842
-0.597874
0.740925
-1.38353
1.3117
-0.884005
0.674623
-0.389603
0.577756
1.91997
0.444097
0.12037
1.95506
-0.952331
-0.204814
0.639393
-0.466416
-0.273968
0.915955
-0.635771
-0.808625
0.59159
0.332745
0.654267
-1.08831
0.468579
0.382965
0.806613
-1.72792
0.36794
-0.318918
0.303956
-0.258134
-0.360696
-0.146619
1.1179
2.22308
-1.88154
-0.120008
0.482982
-0.461945
-0.442726
-1.2961
-0.716846
0.704472
0.215834
-1.54225
1.34041
0.336945
-2.34826
0.0183959
1.94541
0.931518
1.51024
0.0491189
0.965259
-1.13521
0.769671
1.75625
-0.279205
0.504134
-0.565548
-1.23882
-1.17619
0.481667
-1.11067
-1.06466
-0.242231
-1.28553
-0.512539
0.332946
-0.443808
1.66641
0.207675
0.153743
-1.63815
-1.51266
0.229313
-1.46578
-0.458886
1.70267
-0.164602
-0.89206
-0.080028
0.801768
-1.33675
-0.899046
-0.699659
-2.20965
-1.78784
-1.68023
0.736506
1.06579
0.0420973
0.165205
0.0538382
1.26021
-0.465485
0.177021
-2.02358
0.761657
1.33862
1.11355
0.103076
0.184506
-0.876409
0.334785
-0.130863
0.0916291
-0.547073
1.48384
0.0915641
0.763832
-0.130945
0.359269
-0.456643
0.764523
-0.99591
1.33024
-0.112366
0.114318
1.46322
0.482053
-1.76674
-0.610943
-0.742805
1.46153
0.745277
-1.06117
0.65597
0.943057
0.965645
-1.36021
1.0211
0.365818
0.462197
-1.53558
-1.0254
